encog,BasicNetwork,java,3.4.0,1,1504730777447
[BASIC]
[BASIC:PARAMS]
[BASIC:NETWORK]
beginTraining=0
connectionLimit=0
contextTargetOffset=0,0,0
contextTargetSize=0,0,0
endTraining=2
hasContext=f
inputCount=2
layerCounts=1,10,3
layerFeedCounts=1,9,2
layerContextCount=0,0,0
layerIndex=0,1,11
output=0.3341624699,0,0,0.114479032,0.8741710754,0,0.9720882821,0.0069948136,0,0,1,1,1,1
outputCount=1
weightIndex=0,10,37
weights=-2.1521417815,-0.1616952045,1.0887939945,-1.1405805932,0.0227171247,-0.5839466837,0.5204630669,-0.4538839388,-2.2076764795,0.7470072875,-0.6868739121,-0.6189346158,0.6702289063,0.2200146572,-0.8094785484,-0.5145712022,-1.0362845887,1.0714862727,0.0792773479,0.5654559543,0.7807817009,-0.4720665798,-0.5485243055,0.6162669052,-0.8121577752,0.5021325464,0.5710537075,-0.1010979717,0.5615199578,-0.8370854091,0.2825602649,0.2915159792,-0.0149815177,-0.3947649453,-0.8519208544,-0.7411535115,0.7282601723
biasActivation=0,1,1
[BASIC:ACTIVATION]
"org.encog.engine.network.activation.ActivationSigmoid"
"org.encog.engine.network.activation.ActivationReLU",0,0
"org.encog.engine.network.activation.ActivationLinear"
